00010010010000000000000000000000000000000000000000000000
00101010010000011001000000010000000000100000000000000000
01000011101100000000000000001000000000110110000000000000
01000011000100000000000000001000000000110110000000000000
00011010100000000000000000000000000000000000000000000000
00101010010000011001000000010000000000100000000000010000
00111011001100000000000000001000000000110110000000000001
00111010111100000000000000001000000000110110000000000001
00000100100100000000000000010000000001000000000000110000
00101010010000011001000000010000000000100000000000100000
00000000000000000000000000000000000000000000000000000000
00000000000000000000000000000000000000000000000000000000
00101010010000000100000000000000010000110000000000000000
00101010010000011001000000000100000000100000000000000000
00101010010000010000000000001000000000001010000000000001
00000011100100000000000000001000000000000000000000000000
00100010000000000000000000000000000000000000000000001110
00100010001000000000000000000000000000000000000000001100
00111100001100000100000001000000000000000000000000000000
00111100001100000100000001000000000000000000000000000000
00101010010000010100000001000000010010110000000000000000
00101010010000010100000001000000010010001100000000000001
00101010010000000100000000000000010000001000000000000001
00000010000010000000000000010000000000000000000000110010
00000010001010000000000000010000000000000000000000110000
00001011001010000000000000000000000000000000000000001010
00000111011000000001111100010000000001000000010000110000
00101010010000011001000000100000000000000000000000000010
00001011100010010000000001000000000010000000000000001010
00001011101010000000000000000000000000000000000000001000
00101010010000000100000000100000001000000000000000000010
00101010010000011001000000100000000000000000000000000000
10110000000000100000000000000000000000000000000000000000
00001100001010000000000000000000000000000000000000001010
00000000000000000000000000000000000000000000000000000000
00000100000001000000000000100000000000000000000000000010
00001100100010000000000000000000000000000000000000001010
00000101001000010000000000000000100100000000000010000000
00000100111000000100000000100000001000000000000000000010
00000101000100010000000000000000100101000000001000000000
00001101000010000000000000000000000000000000000000001010
00101010010000000001000000000000000000000000100000000000
00000100101000000001000010100000100000000000110000000000
00000000000000000000000000000000000000000000000000000000
00000000000000000000000000000000000000000000000000000000
00000000000000000000000000000000000000000000000000000000
00000000000000000000000000000000000000000000000000000000
00000000000000000000000000000000000000000000000000000000
00000000000000000000000000000000000000000000000000000000
00000000000000000000000000000000000000000000000000000000
00000111011000000001111100010000000001000000010000110000
00000111011000000001111100010000000001000000010000110000
00001110100000000000000000000000000000000000000000001110
00000110100010000000000000000001000000000000000000000010
00000110111100010000000000000000100101000000000000000000
00000111000010000000000001000000000000000000000000000010
00001111000000000000000000000000000000000000000000001110
00000110101100010000000000000000100101000000000000000000
00000111100100000000000000000010000000000001000000000000
00000111001000010000000000000000100100000000000100000000
00001111100010000000000000000000000000000000000000001010
00000000000000000000000000000000000000000000000000000000
00000010010000000100000000100000001000000000000000000010
00000111011000000111111000010000011001000000010001110000
