0000100100100000000000000000000000000000000000000000000000000000000000
0001010100100000110010000000000000010000000000001000000000000000000000
0000000010101000000000000000000100001000000000001101100000000000000000
0000000010101000000000000000100100001000000000001101100000000011000000
0000110101000000000000000000000000000000000000000000000000000000000000
0001010100100000110010000000000000010000000000001000000000000000010000
0001110010101000000000000000000100001000000000001101100000000001000001
0001110010101000000000000000100100001000000000001101100000000010000001
0000001001001000000000000000000000010000000000010000000000000000110000
0001010100100000110010000000000000010000000000001000000000000000100000
0000000010110000000000000000001000000000001000000000000000000000000000
0000001011011000000000000000000000000000010000000000000000000000000000
0001010100100000001000000000000000000000000100001100000000000000000000
0001010100100000110010000000000000000100000000001000000000000000000000
0001010100100000100000000000000000001000000000000010100000000000000001
0000000010101000000000000010000100001000000000000000000000000101000000
0001000100000000000000000000000000000000000000000000000000000000001110
0001000100010000000000000000000000000000000000000000000000000000001100
0001110010101000001000000000000101000000000000000000000000000100000000
0001110010101000001000000000000101000000000000000000000000000100000000
0001010100100000101000000000000001000000000100101100000000000000000000
0001010100100000101000000000000001000000000100100011000000000000000001
0001010100100000001000000000000000000000000100000010000000000000000001
0000000100000100000000000000000000010000000000000000000000000000110010
0000000100010100000000000000000000010000000000000000000000000000110000
0000010110010100000000000000000000000000000000000000000000000000001010
0000001110110000000011111000000000010000000000010000000100000000110000
0001010100100000110010000000000000100000000000000000000000000000000010
0000010111000100100000000000000001000000000000100000000000000000001010
0000010111010100000000000000000000000000000000000000000000000000001000
0001010100100000001000000000000000100000000010000000000000000000000010
0001010100100000110010000000000000100000000000000000000000000000000000
0101100000000001000000000000000000000000000000000000000000000000000000
0000011000010100000000000000000000000000000000000000000000000000001010
0000000000000000000000000000000000000000000000000000000000000000000000
0000001000000010000000000000000000100000000000000000000000000000000010
0000011001000100000000000000000000000000000000000000000000000000001010
0000001010010000100000000000000000000000100001000000000000100000000000
0000001001110000001000000000000000100000000010000000000000000000000010
0000001010001000100000000000000000000000100001010000000010000000000000
0000011010000100000000000000000000000000000000000000000000000000001010
0001010100100000000010000000000000000000000000000000001000000000000000
0000001001010000000010000100000000100000100000000000001100000000000000
0000000000000000000000000000000000000000000000000000000000000000000000
0000011011000000000000000000000000000000000000000000000000000000001110
0000011011010100000000000000000000000000000000000000000000000000001010
1000000000001000000000000001010000000000010000000000000000001000000000
0010001111010000000000000000000000000000000000000000000000000000000000
0000000000000000000000000000000000000000000000000000000000000000000000
0000000000000000000000000000000000000000000000000000000000000000000000
0000001110110000000011111000000000010000000000010000000100000000110000
0000001110110000000011111000000000010000000000010000000100000000110000
0000011101000000000000000000000000000000000000000000000000000000001110
0000001101000100000000000000000000000001000000000000000000000000000010
0000001101111000100000000000000000000000100001010000000000000000000000
0000001110000100000000000000000001000000000000000000000000000000000010
0000011110000000000000000000000000000000000000000000000000000000001110
0000001101011000100000000000000000000000100001010000000000000000000000
0000001111001000000000000000000000000010000000000000010000000000000000
0000001110010000100000000000000000000000100001000000000001000000000000
0000011111000100000000000000000000000000000000000000000000000000001010
0000001011000000000000000000000010000000000000000000000000000000000000
0000000100100000001000000000000000100000000010000000000000000000000010
0000001110110000001111110000000000010000000110010000000100010000110000
